204,73
204,72
204,71
204,70
204,69
204,68
204,67
204,66
204,65
204,64
204,35
204,34
204,33
204,32
204,31
204,30
204,29
204,28
204,27
204,26
204,25
204,24
204,23
204,22
204,21
204,20
204,19
204,18
204,17
204,16
204,15
204,14
204,13
204,12
204,11
204,10
204,9
204,8
204,7
204,6
204,5
204,4
202,22
202,21
202,20
202,19
202,18
202,17
202,16
202,15
202,14
202,13
202,12
202,11
202,10
202,9
202,8
202,7
202,6
202,5
202,4
203,13
203,12
203,11
203,10
203,9
203,8
203,7
203,6
203,5
203,4
207,3
207,2
207,1
207,0
206,3
206,2
206,1
206,0
205,3
205,2
205,1
205,0
204,3
204,2
204,1
204,0
203,3
203,2
203,1
203,0
202,3
202,2
202,1
202,0
201,3
201,2
201,1
201,0
200,3
200,2
200,1
200,0
199,3
199,2
199,1
199,0
198,73
198,72
198,71
198,70
198,69
198,68
198,67
198,66
198,65
198,64
198,35
198,34
198,33
198,32
198,31
198,30
198,29
198,28
198,27
198,26
198,25
198,24
198,23
198,22
198,21
198,20
198,19
198,18
198,17
198,16
198,15
198,14
198,13
198,12
198,11
198,10
198,9
198,8
198,7
198,6
198,5
198,4
198,3
198,2
198,1
198,0
197,13
197,12
197,11
197,10
197,9
197,8
197,7
197,6
197,5
197,4
197,3
197,2
197,1
197,0
196,22
196,21
196,20
196,19
196,18
196,17
196,16
196,15
196,14
196,13
196,12
196,11
196,10
196,9
196,8
196,7
196,6
196,5
196,4
196,3
196,2
196,1
196,0
7,3
5,3
4,3
3,2
2,2
1,2
0,9
1,45
3,44
2,44
1,44
3,43
2,43
1,43
3,42
2,42
1,42
3,41
2,41
1,41
3,40
2,40
1,40
3,39
2,39
1,39
3,38
2,38
1,38
3,37
2,37
1,37
3,36
2,36
1,36
3,35
2,35
1,35
3,34
2,34
1,34
3,33
2,33
1,33
3,32
2,32
1,32
3,31
2,31
1,31
3,30
2,30
1,30
3,29
2,29
1,29
3,28
2,28
1,28
3,27
2,27
1,27
3,26
2,26
1,26
3,25
2,25
1,25
3,24
2,24
1,24
3,23
2,23
1,23
3,22
2,22
1,22
3,21
2,21
1,21
3,20
2,20
1,20
3,19
2,19
1,19
3,18
2,18
1,18
3,17
2,17
1,17
3,16
2,16
1,16
3,15
2,15
1,15
3,14
2,14
1,14
3,13
2,13
1,13
3,12
2,12
1,12
3,11
2,11
1,11
3,10
2,10
1,10
3,9
2,9
1,9
3,8
2,8
1,8
3,7
2,7
1,7
3,6
2,6
1,6
3,5
2,5
1,5
3,4
2,4
1,4
3,3
3,0
2,3
2,0
1,3
1,0
0,6
0,0
0,47
0,46
0,49
0,48
0,45
0,12
0,10
0,8
0,11
0,5
0,7
0,4
0,3
